01100111
01000101
11011111
11011000
10110010
00111100
11101001
10000101
11111100
01011010
01011010
10100110
01010110
11010100
00010010
11000011
01101010
00101011
11010101
10011100
00010100
00111100
00001010
00111111
00110010
10000111
11111101
11111001
11100010
11100001
01110101
00010010
11101000
00001011
01011111
11100111
01010011
10000000
01111010
11100100
11000100
00000010
11001011
01011010
11011111
00011010
10100111
10111011
00110111
00011001
10111111
11000111
11010001
11011100
01100100
00010110
10010100
11011101
11101010
00101000
00110001
01000011
01111110
01010111
