01010100
01011111
00001100
10101000
00000010
11010111
00101110
01100101
11111011
10000010
11010100
10011101
01101110
00000011
11101000
11010000
11101001
10100100
01000011
00011001
01111011
01111011
11000000
00110100
00011010
01010100
10011111
11010001
11000011
00111110
11011000
00111110
10100000
01100101
10110011
10010001
11110100
10010111
00111101
01111111
01001000
00011001
11011011
11111101
11111011
00110000
00111001
01010000
01000100
00001100
00100111
10101111
10110111
11100100
11000100
00011110
01101001
01111111
10001001
10011111
11000000
01110110
01111001
11101110
