01000100
00011111
01000110
11010101
01000011
01011001
00100111
01001011
10111011
10001110
10111011
11000000
11010110
00010101
11000111
11011011
00010101
11011110
01011101
11010110
10100110
11101111
11011001
00101010
11000101
11111101
01010000
01000110
01010011
00001011
10000001
11001101
01111001
00011100
10001110
10001001
10100101
01010110
11110100
11111110
10001011
10010111
10010100
11101111
11111101
11010111
11001000
00100010
11100100
10000001
11010000
00110010
00001101
11101010
10010011
01100100
10011010
10110001
01110111
10011000
01100010
00100010
11011111
01101110
