00110000
00111000
01110010
10100110
10010010
01110101
01101011
00101011
10111011
10110111
00110110
10110111
11101110
01000011
10011110
01101000
10010100
11010111
01001010
01010011
00001110
00110000
10010000
10011101
10101101
11001001
11110001
00011101
00110011
01100110
11100101
01111010
10101111
01110110
11100010
10110010
11000111
11101110
10110111
10011001
00001111
10101101
10100100
00010011
10011010
11101101
01011010
10110110
11110000
01110011
00111000
10011011
11110010
01110010
01110011
11101010
11101110
01010011
10010101
00010000
11110001
01010101
11011011
00000110
