00110011
01011111
10000001
10000011
00000101
11011011
10100000
10110000
11111010
10011011
10100001
11100011
11000000
10100101
00100101
01100110
00111111
10011000
01110111
00010011
01010010
11100101
01110010
00100000
01110001
00101000
00000001
00111001
01100011
11010110
10101010
11011101
01010001
11010001
01101010
10000001
11010110
00010101
10101100
01111111
11001101
10010100
11001100
01100010
00000000
00000000
11010111
11110010
00000101
01110101
11111011
10110100
11100010
11110000
01100011
10101001
01001011
01100010
11100101
10010001
10000100
11001100
01000111
11101100
