01001101
00010010
01110000
11101101
00011100
10001100
11000101
01011011
11111011
10111010
11111101
01000101
01001011
10111101
11011011
01010101
00010101
10100010
11100110
00011000
01110011
10010000
01111101
00101111
00010010
10010111
11111110
00011010
11100011
11011100
01001111
01111000
01011101
10101110
00100101
11110100
11010100
11001010
01010011
10110010
11001001
11001011
00001100
01011110
00110000
10001101
00111111
11010111
00011110
00001000
00011110
01111101
11011001
01100111
01100100
10100000
00110000
01100000
01101000
00011101
00011010
00001000
00100010
00100010
