01011010
00101100
10101000
11100011
01100111
10100100
10010111
01110000
11111011
11001010
10101100
11110101
10010000
01001001
01110111
01001100
00111111
10100110
10011110
00011010
10000011
01100110
10000011
10110111
00100010
10001111
10111110
10001001
10100010
10011111
01100010
10000101
01100011
00011101
01000010
00101110
00010100
01100101
00100111
11001011
11000110
01100110
00101100
00011101
01001000
11010011
00110100
01001001
11101001
10010000
00101111
11100001
00010101
01100010
10100100
10011011
00100011
10011110
00101001
00100010
01100110
01100101
01010000
10111100
