00111010
00101011
00011101
10111110
01101010
00100111
00001010
10111011
11111011
11100011
01111001
00111100
01100011
11101011
10110010
11100001
10010100
10011010
11010011
00010101
11011010
11010000
10110100
10100011
01111001
01100100
10100000
11110000
01000011
00111000
00110100
00100100
00010101
10001001
11111000
00011110
01110110
01100011
00010110
01001100
01001101
11100010
00011100
00000010
01001100
10100010
11010001
01101100
00101011
11111001
00000101
11100110
10111111
01101111
11000011
00100111
00000101
10000010
00000111
00010100
00101010
00111100
10011110
10111001
