01010001
00111000
01111110
11001011
10001110
11110001
11111001
11100000
10111100
10011110
01101001
01110001
00011101
10100000
01100010
11010010
01000000
01100011
00010101
01011000
10110110
11000101
01011111
10110001
11010101
11110101
00001111
10110101
10010011
01001101
00010100
11011010
11111110
00001010
10101100
11000010
11100100
01110001
01001000
00011001
10001000
00110010
10110011
00101110
10010101
00011110
10111100
10010011
10110000
00001010
11100010
10010110
01001000
01100101
01010100
01011111
10001101
01101111
10111000
10011101
00101101
01111111
00001110
00001001
