00110110
10000101
00001111
11100000
01111000
01000001
11010100
00110110
10111011
00000000
00001110
00010000
00010010
10001000
10101011
11100011
11101001
11011001
10100101
11010011
00010110
00011011
01010011
10100001
10110101
10000110
00010001
11010101
10010011
01000111
01101111
01000000
01110010
00101101
01110001
01010000
01100110
10111011
00100001
11100101
10001101
11111011
11110100
00110010
11100110
10010000
01010101
10101111
10010111
11110111
01000000
11001101
01010001
11101111
01010011
01101000
00101000
01110010
10110110
10010010
00010111
11000100
10110010
11010011
