01100001
11110111
01000100
10011101
01001101
01110000
00000001
01111010
11111100
10010010
10000011
01001110
00110011
10001111
00000101
01000111
10010100
10101001
01111010
10011011
00001100
01010001
11000110
10111011
00101010
11001011
01011110
01000010
00000011
10000000
11101011
11001011
00100110
01010100
11010000
01001011
00110100
10110010
00010001
10011000
01000110
10110100
01111011
00111011
10010011
01110111
00101110
01000010
10010000
00010101
10110111
10010101
01110011
11011111
10000100
10011000
11011011
10111110
01001010
10100101
10001011
11010011
00100111
10001001
