01011110
01010010
10110110
11000000
11011010
00001010
11001100
11110101
10111100
10101110
00011000
00100010
11100001
00101100
11111101
11001001
11101001
01101000
01001100
11011010
01000111
10011011
11100100
00111001
11100101
11101101
01001110
00100110
11010010
00010000
00100111
01101000
10000100
11111000
11001001
01111101
00100100
00001100
00011100
00110010
10000110
11001101
01010011
01101100
00101110
01100101
10110000
00000110
11111101
10010010
11110011
01111011
00000101
01100001
10010100
01011010
11111110
10101110
01111001
00100100
11111000
01011101
10111011
10100011
