01001010
01101100
11100010
10010000
00101001
00100110
10010000
01010101
10111100
11010110
10010010
00011001
11111001
01011010
11010100
01010111
01101010
11100000
10111000
01010111
10101110
11011010
00011100
10101101
11001101
10111001
01101111
11111101
10110011
01101100
10001010
10010100
00111100
11010010
00011110
00100110
11000101
10100100
11011110
01001100
00001010
11100100
11100100
00001111
01001010
01111011
11000010
00011011
00001011
10000101
11011001
01100100
11101010
01101000
01110100
11100001
01010011
01010000
00011000
00011011
10000111
10010000
10110110
00111011
