00111101
01010010
10101010
10011011
11011101
10001101
00111110
01000000
10111011
11000111
11100100
01101000
00110100
11001110
00111001
01011111
00111111
11011011
00000010
11010100
00011110
00000101
10010110
00100101
10111101
11000001
10110000
10001101
01110011
10101000
11111000
10000111
00110110
11100100
00000000
11101100
10000110
10001001
00001011
10110010
00001100
01001001
01000100
01010001
00110010
00110100
01001111
00101001
00111110
11111100
11001000
00000000
10101111
01101101
10110011
11100101
11100000
10010001
01010110
00010110
10111100
10110010
00001010
10100000
