01100100
00011111
11010001
01111011
01000000
11010110
10110101
00000000
10111100
01110110
11101110
01111010
00000101
01110010
10001011
01000101
10111111
01101010
10100111
01011011
01001111
00000111
00101000
00111110
11101101
00101010
01101101
11011101
10110010
01110001
10110000
00101111
01000111
10101111
01011000
00011010
01000100
11011000
10000101
01111110
00000101
10011010
10100011
00001011
01111010
00001001
00101010
11111110
00100100
00010111
11111011
10101110
11100001
11011110
01110100
01010111
10111000
11001101
10011010
10100110
10011110
11001011
10010010
01110000
