00101101
10010010
11100100
11001000
10011111
00001111
00110111
10100110
11111010
11010011
11001010
10001011
10011101
01100000
00010111
11101010
11101001
00010110
00011100
10010010
01001010
11111010
00101111
00011011
01101001
11101011
01100001
10000001
10000011
01110101
00100001
10010110
10001110
10011010
11011011
11100100
10110111
01001000
11000010
00110011
01001111
01000111
01111100
01000011
10110011
01011100
11011101
11111001
01011110
01110001
11110011
10000001
10000100
01110011
10000011
00101100
00010010
01000011
01000101
00001110
11011110
11011110
01110000
00011111
