01000000
01111000
00111000
11111000
01010000
11110011
11110010
11000101
11111011
10101010
01010000
10010100
10000101
00110001
10111111
01011101
01101010
10011101
00101111
10010101
11100010
10111010
11110111
10100111
10000001
00100000
10111111
10101001
10100011
10011010
10111100
11101010
11010111
11000000
10000111
10111010
10010101
00110000
00000000
10011000
11001011
00110000
01101100
00100001
10011000
01000110
01001011
01100101
11010000
11111110
00001101
00011001
00011110
01101100
10100011
10100100
10111101
10100001
10100110
10010110
01001111
10101010
01110101
10000111
