00101001
01101011
11010110
11101011
00101100
10101001
00000011
00100001
10111011
11101111
01011111
01011111
01001100
11111100
00010000
11101100
10111110
11010100
11101101
01010001
00000110
01000101
01001101
10011001
00100101
10001110
01010001
01100101
01010011
00000101
01011100
00110011
11101100
00111111
01010100
00010110
10100111
00100010
11001101
11001100
10001111
01100000
11010100
11110011
01001110
01001010
01100000
00111101
11001011
11101110
00101111
01101000
00010110
01110101
10010011
01101101
00110101
00110011
11110100
00001101
01001100
11100110
00000101
00111001 