01000111
01000101
11010100
10110011
10110110
10111111
01011100
11001111
11111011
01110010
00100111
11101100
10101000
01110111
01001110
11011001
10111111
10011111
10001011
10010110
11101010
10100101
00111010
10101011
10001001
01011100
01011111
01100001
10000011
01111011
01000110
00110001
10011010
01110111
00010111
01010111
10110101
11111100
11101001
01100101
01001010
01111101
10111100
00111111
11100011
11101001
01000101
11011110
01110111
10000011
00010110
01001011
01111100
11101001
10000100
00100011
01110111
01000000
11000111
10011001
11110100
10011000
01001011
01010100
