01010111
00000101
00011010
10000101
01110100
00111110
01100011
11101010
10111100
01100110
01000001
11001001
10111110
11100110
11110000
01001110
10010100
01100101
01110000
11011001
00111111
10110000
10100010
00110101
11011101
00110010
10101110
01101110
11110010
10101110
10011101
00100010
11000001
11000000
00111011
01011111
00000101
00111111
00110010
01100101
00001000
10000000
00000100
01001101
11100001
11000001
10110110
10001100
01010111
10001110
11101010
11001000
10100110
11100010
10110100
11011100
01000110
10001111
11011001
00100001
01010011
11101101
11100100
11010101
