00111001110000011111111110000000
00001001000001111110000011010000
00000100000000100001100010010000
11111011101110000001101111001000
11111100000000100000000000101000
11111111011001000011010011001011
00000110001001010001001010110000
11111100000111011110111011011000
00000010011010010011111000111000
00000001110101010001110111100110
11111111001110000111111011101000
11111100001011001010000100000000
00000001000101100101111100011110
11111100110111100111110111111000
00000000111011011101100001001100
11111010001110011110111001100000
00000000010101000010011010010100
00000001011010010001001101010100
11111000010010001010001100000000
00000001000100001001010011010000
11111001010011010110110010010000
11111100110001100110001111101000
00001010101011001111101000110000
11110111001010010001011110000000
00000010111110110111111100100100
11111111100000000100010001010110
11111011010000010110011110011000
00000000001001111001110110100010
00000101100111011011101001110000
00000111000111111001101010101000
11111100010010000111100000001100
11111110110100100011011111101100
11111000000010100000000000000000
11111010110101100111111110000000
11111000001011000110101011011000
00000000011110100000011001011010
11111111110011011111111111110100
00000000011110000110110001011000
00000001101000100001000010011100
00000110110000001000011111010000
11111010101000101001010011100000
00000100110010100101111011010000
11111100100101101101110000111000
11111100010000000011000000100100
11111100111100101110111101111000
00000100000100101000001100000000
11110111110101110001010110010000
11111100010100011010011101001100
11111110010101111010101111001110
00000100110000101110001011000000
11110110100100110000010110100000
11110111111100110010110001010000
11111101010011100100001010010000
00000110000001010110101001011000
00000110001111001010001100000000
00000011011011001011010111100000
00000011110000010101000001110000
11111111101010011011100101110100
00001001110100111101111111000000
00000010000011111110000100010000
00000000111111000011100111110010
00000001000110110011011111111000
11111111100101101110111101011010
00000100011110001100000100111000
