00111111111110111111111110000000
11111111101100011000001000000000
00000101011001001000001010101000
11111110110010010001101011000100
00000001110110111111111111010100
00000000011000101101100001100010
11111111101111111001001011010010
11110111111100001001100101100000
11111000111011111101111111001000
11111111101111000110100100000100
00000011101010001000010110101000
00000010001010001010011001010000
00000110111001011011010000011000
00000111110110100001001011111000
11111001000110011111000110101000
00000010001101101111010110101000
11111111010011111001110011011010
11111001001010010010100011100000
11111111100111111000000000010101
11111111000110111001101011101000
11111001101011110101000111001000
00000101001001010000010001000000
11111100000101111000111010110000
11111100110110001010011100110000
00000000111000010010010110011100
11111101111110111110111010011000
11111011000110011101010101010000
00000011101001110001010100101000
11111110100010110110101001011100
11111000101101001010010101100000
11111111010011010011011011011100
00000100000110110001110101001000
11111011100111000000000000100000
11111001100001000111001010101000
11111001011000100010100100000000
11111111100001010000101110011011
00000001001101000000000000000110
00000100000001111111101111111000
11111101001111100000010000000000
11111111010111010001110010010100
00000010111110000011001000101000
00001010100110110000001001010000
11111000000011101101100100100000
00000010101000000100001101100100
00000001000010101101011111101000
00000001101011001111010000100010
11110011011101111011110000010000
11111001111011110000010010101000
00000101100110000111110111001000
00000110100111110110111000000000
11111101100001111000111010110100
11110111010010111110111101000000
11111101000000000001000001000100
11111101100111100111000101001000
11111101010000000111111111100000
00000101010001111111000010001000
11111111110100101110101000101100
00000001101010111101111010010000
00000000001101111110101101000000
11111100110011101111110011100000
00000000010100000111011011100100
00000000111010101000011001101000
00000010111010011010010111010000
11111001111001111010000000111000
