01000000111111011111111110000000
11111110000110100001010000111100
11111000100011111101000111000000
00000000111111000010110110011111
00000101001000011111111111011000
00000100110110011111010000101000
11111110010001111110010110011000
00000011010111010100011000001000
11111101110101100111001010000000
00000100110111111010000110110000
00001011000101011100001111100000
00000000101011000000001000010100
11111100010101000101010110110000
00000011010011011010111001011000
11111110111110111001011111111100
11111100110101111111111110001000
11111110011110110110110110001010
11111100000000001001100110000000
00000110101100111111001111000000
00000000010111001111000000110001
10000000000010010010101111011000
00000000000100001111100101101110
00000010001001010111110010111000
11110111000000100100010001110000
11111100001011000100111010101100
00000000100011110101000000101011
11110110010101110100111000000000
11111110100101101111101111101000
00000011100111110101110000100000
00000000000100111010000100100010
00000101111010001011100100011000
11111011000011000111100111110000
11111111001010100000000001000000
11111101100010010100010100101000
11111101101111100010100100010000
11111101000100100111111000101000
00000000000100011111111111110100
11111010110011001101110001111000
00000010000001010101100100101000
11111010010100011010100011010000
11110111101010111010101000000000
11111010001011100001110000010000
11111000110111010101010100000000
00000111101001011010010001001000
11111010001011110100100101110000
00000011100011111100110101000100
11111100100110001000110000110000
11111001011010101110111111001000
11111100011001111100100100111000
00000011011111100101001011111100
11111111110101101000001101000000
00000000011001000001110110000111
00000000110000000010001010001010
11111011100100010001100110010000
00000001100111000000110000100100
11111110000110011111000101010000
11111110001111010100010111000110
00000000011010100000001110100110
00000100110110111110011101100000
00001100010111001001000101110000
11111101000001010110101010101000
11111100000100010110011110010100
00000011010111101100010000111000
11111011101110000111001100101000
