00111010111010111111111110000000
11111101111101110100010001101000
11111101100111000000010011101100
11111111111110110001101001000110
11111011010010000000000000011000
11111100101001101010000010000000
00000010010101001101001100010000
11111111000111000110111011101000
00001001110010100100000011100000
00000001101111100011010110001100
11111110100011000111010101111000
11111111111010001011001001101010
11110101111101101000000101000000
00001000000011001001001010010000
00000011001011101110100000011100
00000010011010110000011100000000
11110110100001110000011011110000
00000000111100110111111011010110
00000011000110111111000111110100
11111101111000100001101100101100
00000000011011011011111001011000
00001100011001011011001011000000
11111110101000001000000101100010
00000001010101101001100000001000
00000101100011110001010000010000
11111011001111001010111001001000
00000011101001100101111010101100
00000010110100000001000111100000
00001011110101011110110001000000
00000101000100111100011011100000
11111100100010001001100011100000
11110100011101011011001001100000
11111101010110000000000000100000
11111110010101000110101011110010
11111000111001000001000011100000
11111101010100001101001010111000
00000001010101000000000000001000
00000000101000000110111110100100
11111111100101010101110011110110
11111101100110010110011000011000
11111011110101110101000011110000
11110111100100010001001001110000
11111000011001010000000110011000
11111110001001111010101110110100
00000001010010100101100000001100
11111110010001010001101111110000
00000001011111101101001110111000
00000011111101101111011100011000
11111001000111101111001111001000
00000011001111000100101000010000
00000100011001110111111010010000
11111101001000011111110111110000
11111101011011100011101110111100
00000000000010110111001101111000
11111111001000111111001000000000
11111100001001000010101001111000
11111110001001000101001000110110
11111010111110000110101110000000
11111000010110001110010111010000
11111111001100000011100001000000
00000100101000111010100111001000
00000001110111100001001011001010
11111011011010011101011000010000
11111101101000010010101110011000
