01000101100110011111111110000000
11111111010101100111010100110100
00000111001111000001111011001000
00000011001111001100000110101100
00000100010001011111111111000000
00000010000110000101101001110000
11111100101000001001011010110000
11111101101111001011111010011100
00000101101101011101010000010000
11110110111110100111101100000000
11111001111000011011011100010000
00000000000001010111101110110011
00000000101000010010110011011000
00000100110001110100001111110000
11111010101101000000101111110000
11111110001000100100010111100000
00000000110101100111011000111101
11111110011000010001111000100100
00000011001001100101001101101100
00000010011100100010010000000000
11111001010000110010100110101000
00000011010010011100100110001100
11111100110000001010000111111000
11111000110101000000111011100000
11111010000011000100111011100000
00000011010101100011001001000000
00000001101101000011000010001100
11111111110001110101100101111110
00000010011111101111011011001100
11111111010101101010001001100100
00000001010010000110001110111000
11111110100101110000010011011000
00000100101011011111111110000000
11111101110010011100010010101100
11111001101100001101001010010000
11111000110010100001000100000000
00000000110010011111111111111000
00000010001110001101011011011100
00000110011010011011001010101000
11111011000111001000001001011000
00000001101000011101001011110100
11110011110100000100010001110000
00000010000010011000101011110000
00000000010011110000110100011101
11111011001011001010110000001000
00000000010010100010100100000001
11111111110101110100101101010010
11111101001000101011101001000000
00000000010010011000011010000101
11111001000000001001111101111000
11111001000010001010000111110000
00000001111010100101100010101000
11111111010101010101000001111110
11111111111100010101100010101010
00000010101111011010110010001000
00000001001000111000101000010100
00000001110100101000110100010100
00000001100000110110100110011100
00000001001101001010001001111110
00000000100110011010100010011110
11111111000001100110010111001110
11111010111010110011101010011000
11111010001001101110011001010000
11111001010000000101010000110000
