01000001010100111111111100000000
11111111101001101111100001100101
11111110011010101000001100010010
00000000000110011000011111001010
11110110110000000000000000100000
11111000100010001111111011010000
11111001110110100010000001010000
00000110110110111011101110011000
00000100100010100010100101100000
00000111100010110101111010111000
00000001100000101111001100101000
11111101110110010011010110011000
00000010110011101111110110101100
00000010001110101001010110101100
00000001001101111111111001101010
11111111100000110010110101100010
11111001101111000101001100000000
11111110010010101110000000100100
00000000011011010100100011111011
11111100111100111001001011101000
11111111111011011111011011001000
00000011111100100110010111100000
00000010111101101101110111110100
00000100111101100100110101011000
11111011110101111100010011010000
00000000000111110111100001000010
11111111011101111111111001011000
11111001100101110100111000011000
11110111000000101111011010100000
00000011100001001111101101111000
11111101001100001101011001111100
00000011110001010101111000110000
11111011111111000000000000100000
11111110100110110011010101101000
00000000101011011011001101001000
00000011110011101000001101100000
00000100011010000000000000000000
00001000100000010101001100000000
11111011101100101011011100110000
11111011011100010110101100110000
00000011101010111110010011001000
00000001011000110101011100011110
11111100001100110100001100110100
11110011110110111111111101100000
00000110101010100111011110110000
00000001101000111110101110011000
00000110010111101111010000001000
11111100000100110000100010011100
11111010010110000101010100110000
00000010011110111111111000001000
11111111111111010010001000001010
11111110001011011101100000111000
11111000001100101101111010001000
00000001000100001011000110111110
00000100101101101011011011110000
11111011010110011110001011011000
11111111000001111011100011001100
11111010111111000010100010010000
11111110100011111000111000100000
11111111101100000001010010111110
00000000000110000010110011111000
11111001011000011110101011100000
00000011000011001100111001011000
11111110101101111111110000101100
