01000010101011011111111110000000
00001010000010110000101100010000
00001001101111011111001001100000
00000001001110011000001000101000
00000001100010011111111111010000
00000001110111010101111000111000
11110110111101010110011100010000
00000111000011011000100110001000
00000001110011111100110111010100
11110110100100010111011010100000
11111101111101011101100101100000
11111101110101010001101110001000
00000111000000010110000000100000
11111111110110010011010001111100
11111010111010111010000011100000
00000001101011001000110001011010
00001000011001001100110100100000
11110100011011110101110100000000
00000001011001110011000101101000
11111111001101011100110001011110
00000100011011001011111001100000
00000001111100101101001011110000
00000000100010111110111000001010
00000111110011010100010110011000
11111011101101000100001110001000
00000000110001101100100110000100
11111100100000001100101101111000
11110101111101011001101011110000
11111011011001101000001011100000
00000001000011111011010000101100
00000000001010000000000100010010
11111110000010111011000011001100
00000000010010011111111111000000
00000010011111101100001111110100
11111101110100111101101000001000
11111010011100111100110010110000
00000101101011011111111111110000
11110101111001011001110000100000
00000000100101010010000011110000
00000101010110011000010111100000
00000000111111011001101010110010
00000010100011111001111010001100
11111110010100011001101001111000
11111101100001100111001111001100
00000001010111010010111100001100
00000100010010100001000010100000
00000101001010000101110010100000
11111111000111001000100001001010
00000000100001011110000101011000
11111100011001011011100111101000
11111010111111000001000111101000
00000010111010100100011100001000
11111110111110001101110010001100
00000101101101110100111111001000
11111110001110110011000101100100
11111100000100010011010100001000
00000000111110001010110111011010
00000010111101100110010001000100
11111100110100111000100000111000
11111001010110110111100110001000
11111101001110111111000100110000
00001001001111101111011001110000
00000101111110100110010011000000
11111011010010101111111010100000
