00111010100110111111111110000000
11111110000010111001110010010000
00000010011010011011000000001100
11111111010001001101101111010000
11111011011010000000000000101000
11111001111000101101001101001000
11111011001111110101001101011000
11111101101000010010000101111000
00000110011000001000011110010000
00000010110011011100000011100000
00000001000011101010011101001010
11111111100101101011100101010110
00000110110001110110101001100000
00000001001101110100010010010100
00001010111101111010101000010000
00000001001010001111011100101100
11111101111100100111000011000000
11110111110001011010110010100000
00000101100111111011100000111000
00000000111001110100001101111000
00000110100010010000000000010000
11111111010011110000000110110011
11111001110110110010111110001000
11111010100110000100111110010000
11111010110101001110110110100000
00000000011110000101010000011111
11111110000001111110101100010100
11111111010100110100010110011011
00000001000010011111100110101010
11111110011011101101100100000110
11111101010000000111100111111000
11111100100101000000100011011000
11110010000011000000000000000000
00000010000011010011100001100000
11111010101101010101001010110000
11110101000000001111011000000000
00000111000010000000000000000000
00000010100101101111111101100000
00000100110000110100110011010000
11111111011101001010110010001010
11111110011000011101101001111110
00000010110010100101001010111100
11110101001011010010110101110000
11111110100101001010001011111000
00000111100101001000111100101000
00000101110100001001010010111000
11111000011101110101100110010000
11111011111001111001110111010000
11111011111100000011000001000000
11111001101100011110100000011000
00000100000100001101000001100000
00000000101111101011101101000101
11111110001111001000000000111000
11111101010101010101101111110000
00000010000111000100011110111000
00000100010010000101011100011000
00000001000000100101101001000100
11111111010001001101001010111100
11111001100111111111111101100000
11111110001101110101001010001100
11111111001110110110011010111010
11111010111101010000001100010000
00000010001010011000000111000000
00000101111101001110111111000000
