01000010010010011111111110000000
00000011001101111110111100011100
11111000010011100111000010010000
11111011011100111011100110110000
00000011111101011111111111000000
00001000000110000111010011100000
00001000110110110101110010110000
00000011111100011111110010111000
00000001001001110100001111100000
11111111011111001110001111010100
11111111100011101000001011000100
11111110100101100110010100110000
00000100000110101111100101111000
00000010100000001000000110000000
00000000111000000010101000111110
11111011000000101001111001010000
11111111011010010101110011001010
00000001110110010011101010001110
00000011110111100101111001100000
11111110111110000101011000010100
11111010100010100011010000001000
11111110000111111100011100101100
11111101000011100110011110100100
00000010101010000000010000001100
00000101101111111010010011011000
11110110111101111101111101000000
00000001100010110010101000101000
00000001010011101010101001000000
00001001011001001101011111010000
00000100011101011011011101010000
11111101011110111111011010011100
00000110101111010100101000100000
00000101011011100000000000000000
00000000000110111111001010111000
00000000000111000101000000000100
11111101000111100001000010010000
11111011010101011111111111111000
00000001010100000100011111100100
11111010000010101000111100110000
10000000000001111110100011101110
00000000111100001001111000110011
11111110010100101100101101100100
11101101110110110101001001100000
11111110110110010011111010000010
11111000011101000001101011011000
00000000101110110001111000110100
11111100101101001110110010011100
00000100100110000100101111000000
11111011011000111001011001110000
00000010100111101010100111000000
00000110000000011001100001000000
11111000001010010100110100110000
11111110101110011001010100111110
00000001100110010111101010101010
11111100111110100101111001011100
00001010000011111110111000000000
11111010100100111010110111011000
11111111000000011001010001010000
00000001011111101110000011000110
11111101101100001010110011000000
00000010101100111000010101100000
00000101000011110001101111100000
00000001100100010010101111011110
11111011101101001110010010000000
