00111101000101111111111111000000
00000100000101101000001010001000
11111111111011000010001011101100
11111110110001111101010101101100
11111100111011000000000000010000
11111000110000001010000110010000
11111100110100010101001100101000
11111011110010110101110010100000
00000001000110111011000011011010
00000100001100100100110101001000
11111001011100100101001110100000
11111110110011100000001001000000
11111110010010110001011001111000
00000111110000010000110101000000
11111111011000000010001000011100
11111100110100010010000100110000
00000001000101100100010000100000
00000001100011110101010001000100
11111110110100011110001101011010
00000011100010100000111100010100
00000000010101010101011010100110
11111010011010110111101001000000
00001001110101101110000110000000
00001000001100010110010010000000
11111010011100011111001000110000
11111011111000011010000101100000
11111000010110110111111111110000
11111100100111001011000110011100
00000000110100111111010000000111
11111101100110100011111000111000
00000010000011001011110100110000
00000001001100000011100011111000
00000110010001111111111111100000
11111110110000111001111100001000
11111100100110101100111110011100
00000101001011111100000111101000
00000110111100111111111111110000
11111101100101110111100110001000
00000011100001011000010111011100
11111111001010001110010100110110
00000100100111011000000111111000
11111011001010100011001010101000
00000000101010110100010110010111
11111101010010100110010100111000
11111011001111111000101111110000
00000010010001000001011101000100
11111010111011000011000111110000
00001000111011000010101010000000
11110010101011000000101001100000
11111111111000001100010110011010
11111011010011010001111001010000
00000001011110110101000000101010
00000100111110000010111001110000
00000101001111101000010001010000
11111010000100100001110010000000
11111110001010111001001001010000
11111110101011100100101100111100
11111110100100010100100000111000
11111101101111001110101010010100
11111100001111101101100101101000
00000100110000001101111011000000
11111010011011000000100001101000
11110111101101000110001101100000
11111010001000011011001011100000
