01000100101110111111111100000000
11111100101011000100001001000100
11111001101101101100111000001000
00001000110111110101100100100000
00000101001101111111111111000000
11111010001111001010000011001000
00000101110011100010010101111000
11111111100000111101110011000110
00000100000101100011010011111000
00000001001000011000100001001110
00000010110101100011111010111000
11111010010000010100010101110000
00000111110010011101011101001000
00000001011111100001100001101100
00000000011011100011001101011110
11111101001000110111010000010000
00000001111110100001010101110000
00000000011000111000110100000001
11111011011100111010101101010000
11111001111011000110110011110000
00000011010010001001110010110000
00000001001010100011001110111110
00000011001110001101011010100000
00000000010011100011001101010110
00000001110000000110010001011010
11110111101110111110000011000000
00000001000110000111110011101000
11111111100100010111001110011000
11111010101001101101110101110000
11111110000111011000010101100010
00000010000010001011011110101100
11111110111001000001001110010000
11111101100010000000000000000000
11111110110011010111000010001010
11111011111110011010100110000000
11111111010001011101101100100000
11111100101010111111111111111100
00000100001100001010011001110000
00000000001110100001110010100000
00000011100100101011100111100100
11111001110111001111000010000000
00000001100000101001001111100100
11111110001101000111110010001000
11111111100101010100111000111110
11111010001110000001011110101000
11111111000111011010000001011100
00000001010111010000110010001000
11111111110001001010111011001111
00000101010011011010110101100000
11111111000001001000011001101110
11111011010111110010100101001000
11111000100011110011100110100000
11111111011100001011010000001110
11111001001000011001110010011000
00000110101010111010101101001000
00000101101100001110100101010000
00000010100011011001010100111100
11111101101000110011110011101000
00000000110111100001101001100111
00000101111110101011010101001000
11111100100101000101011000001000
00000001011000000011101000100110
11111100100110001110000010000000
11111110101010100111010001000110
