01000011100001111111111110000000
11111000010100111100010001110000
11111110110101100010100100101100
00000101100001101001011010110000
11111110101011000000000000110100
00000011000010110101111001010100
00000000100101100001111011101000
11111110100010100101111001000010
11111010111001110111100111001000
00000011000111110101111001000100
11111110011111100010011101010100
00000100110001101111011011011000
00001001110111010111001001110000
00000111001000111010000100100000
11111101010000011000011000011000
11111110100110111010100001011000
00000011111000110001010110001100
11110101001111111000001011100000
00000001100000000011010010000100
11111001111111010101100101001000
11111110111010101001001101010010
11111111001111001001111101100011
00000010011111111011100001000100
11111111111010111001000111010100
11111000110100001001000011101000
11111011110101000111101000111000
00000010010001010011001000110000
11111101111000111001011000001000
00000111000111010001111000101000
11111001000001011100100011111000
11111011011101010011000110000000
11111110000111010000110101101100
11111001100000000000000000000000
00000011110000100001100011001100
00000111010100111010111000101000
11111101001000101100111110111000
00000001111101000000000000000110
11111110010100011111101110010000
00000100000011010010100000110000
00000011110010001011000011001000
00000010110010000010001100011000
11111110001111000010101011011110
11111010101100101101111001000000
11111100100111010010010100111000
00000011101101100001101100010100
00000000011101111100010001100110
00000100000011110001000011110000
00000100000110100010110000010000
11111000100110101000100110100000
11111011001010001010111001110000
00000001000000111011100001001100
11111111000110001101100101111000
11111111000100000000001010000000
11111101101111011001001010010000
11111101111101000011010010000000
11111110101001001001010100100010
11111100010100100100100010110000
00000110010111001111101101010000
00000101101000001010001110101000
11110111011010100100011110010000
00000000100101010101010110000110
00000010001100000010111100111000
00000001010110101001011011000000
11111000010110111000110001111000
