01000011011010000000000000000000
11111010010101101100010100010000
00000000010011011011101011100111
11111100101010101001111011010000
11111100011110000000000000100100
11111101100100011000000110101100
00000101011000110011111000010000
11111101111101010111001000001100
11111011011100101011010110010000
00000010010101111010011110011100
00000001011011000100100001101000
00001000101111110010001100000000
11111110101101110110100000111100
00000010101010101000111000110000
11111110111111000101110100001110
11111010101100101010000010111000
00000100100111110111100100010000
00000000011101101111001111111100
11111001001010011010101001000000
11111011101101111111110111010000
11111110110011010101000101010000
00000000001100111010011011001000
00001001110000000011011000100000
11111011100010111001101001111000
00000010000110000010100000000000
00000001100110101100100001010100
00000101101100011101111111110000
11110111111011001101001111110000
00000001010000101100100100100000
00000100111111110001011111100000
11111010000000101111110001000000
00000010011011001111001000111000
11111101001000000000000000000000
11110111100010111110010001010000
00000010001101100111101111000000
11111111111100010100010010001010
00000001010100000000000000000010
11111111010110110000111101001100
11111110010000110001111110011000
11111110000000101100100101101100
11111100101111101101010110110000
11110100011101111100011110100000
11111111000100110001001101101100
00000010001100101111010010100100
11111001111010000000111011010000
00000000000010001000000111010110
00000100110001101010101111100000
11111100111000011000001001101100
11111010001001111111110100011000
11111111000111100010000001001011
00001010010100000011011000100000
11111101000111010101000100011000
11111000110011101101101011001000
00000011110110010010111001110000
00000000100110011010101001011000
00000000001010010011011001000110
11111110010101011000000111001100
00000001000110010011101111011100
11110110010011011011000011010000
00000000010010011011110010011000
11111001010100100010100001010000
11111010011011100000011100010000
11111011110101010000111110000000
00000001100101001010101010000100
