00111111011010011111111110000000
00000001000010111110111101101000
00000000001100001101000000100100
00000000111000011101011000100000
00000110101001011111111111000000
00000011000000111110000000011000
00000110001111001101111111110000
11111111001110000011010010100110
00000111001110100110100011011000
11110011111000000110110101000000
00000100100000110010100100011000
00000010011010001111111111011100
00000000101111111011101000010000
11111010101101000100011011001000
11111011111101001000110101001000
11111000100100010100011000101000
11111111110101111110100001101110
11111100000110101001110100110000
11111110111110101010000101100000
11111100010100010000110110101000
11110111010000100111011100000000
00000101100000011000110001101000
00000100100011000010110001110000
11111100100000001010000000011000
00000100010100001101011110001000
11111011001000101000010101010000
11111110101101101010000100001000
11111110100110010110101111110010
11111111100110000111000000100000
00001000100010010100010010000000
00000001000110000100001000001110
00001001111110010011011010000000
00000011101011011111111110100000
00000100110011000010101110001000
11111010110111000111110100000000
00000001111100001100111000011110
00000011001100011111111111101000
00000001000100000011001001000000
11111110011011011011101001111100
11111100001011100000101000001100
00000010000111110001110011011100
11111010111100010101000100011000
00000000101100011100100100010100
11111101101100001011111111111000
00000001101110011110010010111100
11111110001110011000011110101010
11111101110001100011110000000100
11111110000010000001110101101000
11111110011110111111011011000000
11110111100101111000110110000000
11111101010100111101001110001000
00000001010001101000110101010100
11111100111010010111011001001000
11111101001100010000111111101000
11111100011100010101111010011000
00000011101010011110111111111000
11111111110010100011000101100000
11111101100000110100101011111000
11110110011101001110011001000000
00000100110000011101111011010000
00000000010110001100011011100010
00000100100110010001101001000000
00000100101101010111100111001000
00000011000000110110000100111000
