01000100110110111111111110000000
00000000111011110111100001001101
00000010011010100000010110010100
00000100010011101000101001000000
11111110111100000000000000110000
11111110011100110010101110011100
11111101011111111010000110101000
00000110101011110101110101000000
11111010111111001101101110010000
00000010000000011110101010000100
11111110011011001100111110010000
11111010101100110101111111010000
11111111000101100101011000101000
00000010111100000010111010000000
11111011000010010100011100100000
11111001110100111011010010100000
11111010010001010010111111111000
00000000111100111101011101011111
11111001111100110011101010000000
00000110010100111111110010000000
00001001000010010000000111100000
00000001101111110011000011001110
11111011001000000001011001100000
00000011110001111111111111010000
00000001100111011111101001011000
11111000111001000001000011010000
11110101100001110100110000100000
11111110110000111000110111100000
00000000101000000010000001111100
11111011001001110001000101000000
00000110101001100000101000000000
11111011010010111000111011111000
00000000101100111111111111000000
00000001111000001010000100001110
11111011100100011110111000111000
00000001100100001110100001011110
11111001100000000000000000000000
00000111101100111110110010101000
00000011100110011001111100001000
00000110111010101110111001000000
11111100010101001010001000000100
11111111011110000011010101001011
00000101001111010110001000010000
11111011110010000100011101111000
00000000000001011111010100110000
00000000000000001110010010000110
00000001010110010111001011011110
11111101110001001001111011011000
11110111010101000101001101100000
11111110010101011111101000010010
00000000110000111110100110011000
11111101011001001010001100000000
11110110101101110010101001110000
11111101010000100001110001110100
00000010101001110011101010001100
11111110100100010111111100011000
00000010001011100010000111011100
11111111011111001110101011101100
11111111010111110010111100100000
00000000001100000101111101001111
00000111000101101101001000110000
00000011000110000110010001011000
00000000100001000010110001001100
11111100000111110100000100010100
