00111100001111011111111100000000
00000011110100111100001101110000
00000100111010110110010011000000
11111110010001000101111111101110
11111100000111100000000000100000
11111011110110000011100001110000
00000101011100100010110100010000
11110111010000010001001100000000
11111100101011000110101100110100
00000100011010111101100010110000
00000101110001110101110010100000
11111100010011101111001011000000
11111110111110000111111001111110
10000000000010001011111100001000
11111011001101011110100001100000
11111101001101001111111101010000
00000011010011110011101010001000
00001000001101101100101100010000
11111101010111010000110101110100
00000110111110110100100011100000
00000111111100111000001000100000
11111110011011000110111100111110
00000000111111011100111001100000
11111011101001101100110001100000
11111010000011010111100011110000
00000010010011000001001100011000
11111000010010101001101100100000
11111111001100110101111101110000
11111111010101110011110110001101
11111001011010011110110010011000
00000011001001101010101011001000
00000001101110100110001111001110
11111111101110100000000000100000
11111110000011101101111110000000
00000000001110111010100010111000
11111101100100101011111100111100
11111110101001011111111111111000
11111010111101101100110110101000
11111110000100101100110010011100
11111011000011001001010110101000
00000010111100110100011101100000
11110111101100110011010111010000
00000001100010111100001100101000
11111100100001011101110001111000
11111101100001000010101100000000
00000011100111101101011010110000
11111010000000011110010111011000
11111111110000101110011111100000
00000000000000011110110100111010
00000001111001100000000101110110
00000000010000011100111001100100
11111110001101010100011100100000
00000000101000110111110101001000
11111100011001111110110110100000
11110111011110101111001001110000
11111110010000000010100010001000
00000001011010110010101000011010
11111101100000001110111100101000
11111101100011111100001111011000
11111100000100000100010111100000
00000010000001010000010000000000
00000011111010011101111100101000
00000101100001111100100101110000
11111111110001110101000000100010
