01000000010011011111111110000000
00000011000010010010011010011000
11111010110010001010001011101000
11111110011011010011001000101010
00000001011011011111111111000100
11111100101100001011111100110100
00000010000010110111101010011000
00000010111010010011000100101000
00000011100100010110111100010100
00001000101001101100100111110000
00000100010000011100001110011000
11111010000010010111100001110000
00001000000100100010111011110000
11111110110011110101011011010010
00000010100101100011100001110100
11111001101100011001100011101000
11111100111110010111111011111000
11111110010111110110100010110100
11111100101000000010000100000100
11111110000000010000010111001000
11111110110110111010001011110100
11111100001110000101010100101000
00000011000010001001111111010000
00000011011110100101100101111000
00000101111110110111001000110000
11111101101110000001001001000000
00000000011100110001111100011000
11110001010001111011011111000000
00000000101111011101000010110100
00000010010000101001111001111000
11111010101000111000001001010000
00001000000011001110000100100000
11111110011010100000000001000000
00000000101000111100101100001000
11111001100110001011001010000000
11111100101111100000111110111100
11111101101000100000000000000100
11111100010111101011001000101000
11111010001000101011001100101000
00000000010001111000010100000010
11111011011101101111110011110000
00000001000010110100111111100110
11111110000011110110100001101000
11111101000001100110010000101000
11111101110101011000010010011100
10000000000010010111000101110111
00000000010011010000001001111110
11111101001000101001100001011000
11111001111111011000001001011000
11110101111111101001110000110000
11111111110101110110000000100100
00000111000110010001001100010000
00000001010101001011100110011110
00000010001011101001010100000000
00000000111011000010000100001100
11111110111100000101111000000010
11111111000001110000111100001110
00000101000001010110010000011000
11111000101000110101001110001000
00000011101010011101110011010000
11111101110110000010100001000000
00001010101011100101010111110000
00000001001000101111011010011100
11111111111011011010000010000000
