00111011000111011111111110000000
11111111111011011110101010001000
00000011110010110111011000111100
11111110101010100100000010110100
00000001000010011111111111010000
11111111010101000101111100011110
00000010011100011110000100111100
11111011011001110010000011010000
00000111010101011000101001100000
00000010111010011011010001010100
11110111100001111001010110010000
11111011110110101001111100001000
11111110110001100111000110000000
00000011110100011011111001100000
00000000010010011100100101101100
00000100010110110010010111000000
00000100000100101111011101111000
00000001110001001000110001111000
11111110110011111111001111010100
11111111101111100000001010110101
00000001111100111010111000110010
00000101000010001111000101010000
11111010111110010010111011000000
11111101101100001000000010010100
11111101110100110111000010101100
00000001010111010100011010000000
00000000010000010111100111100010
00000110000010111100010001101000
00000011001001101010101001110000
00001000100010011111000101100000
00000101010011001100001111100000
11111011100110110100100100111000
11111010111110100000000000000000
11110111101001001011101010000000
11111011011110110001001100010000
11111011000101001000101010001000
11111110111001011111111111111010
11111100110001110000000100010000
00000011001001101001110010011000
00000000100111001010100000010100
00000100011001100000001110001000
11111101010000000001110011101000
11111100011000001111010001101100
11111110100111101001011000110100
11111101111111100001101110010100
00000011110110000010100001001000
11111110111101011110111000111100
11111110101100101000100111000000
11111010001100101001011100100000
11111010000011111000100101011000
00000000010010101101000100100110
00000011001011101000001011101100
11111010101011110001110001111000
11111000100000010001110100011000
00000011110001111111001111000100
00000011010010110110100010000000
11111100010001011000101001001000
11111011000111010110000111010000
00000110000001100101000110011000
11111011111010011110111000010000
00000001111101001101011111110010
00000001110000001100011100101110
00000000010110110110000111100000
11111111111111011010000101001100
