01000110001101100000000000000000
11111111100100000010111110000111
00000000100101110100010100101000
11111110110010010011101100010100
11111111110101100000000000101000
00000101100000001101010100111000
11111001101001000111010011000000
00000000100111101101101001100100
11111100100001000001100101100000
11111110010011110010000001011010
11111011011110110111111111111000
11111011110101011110111010000000
00000110000001110000111000000000
11111101100101110010010001110100
11111101100110010000011000100000
11111101011100010100010001111000
11111010100110110001110100001000
00000100001111111010000110000000
11111101110110100110101000111000
11111111000110101010111111110001
00000000010000110000011000010110
00000100001001111011000011100000
00000010101010111100110110111000
11111110000100001011101001111100
11111110011001110010101101100010
11111101101000100001001111110000
11111010000010110010110010000000
00000001110101011001100110001000
00000100011110011010010110010000
00000011100011110101000011100100
00000111100000001011010100000000
00000000111001110101101011010100
11110111001001100000000001000000
11111110100101111100101010000000
00000111101000111111111000100000
11111001111101100011010101100000
00000110101011100000000000010000
00000000001000001111111000101000
11111110000111010100101100100000
00000000110010010110111000011000
11111001000000001010011100000000
00000101111111111001011100111000
00000011001001111111101101010100
00000100010011110010101101110000
11111001101011111111000011101000
11111101011000001010011000111000
00000101100011101101110001011000
11111000010110101111111001010000
11111111010011001010000011100100
11111110110000011110010111110110
11110001111011000011001000100000
00000101000000000000110000101000
11111100011000100111101000100100
00000000001100100101001111001100
11111001010110011001010110101000
11111001101010011110011011011000
11111101101101111011000000100000
11111000111010010110100111000000
11111101000000101000101100100000
00000001010000000000111011111000
11111011011001110010011011010000
00000011001100110001111100011100
00000101000110000100111101011000
11111101110101011101001011100100
