00111101110000111111111110000000
00000011011110000110011110111100
11111100101001101100101110000000
11111111011010010010011110000000
11111010100111000000000000010000
00000011110010000010111111001000
00000110010111010100001000110000
00000011011110110111001111111100
11111010101100110011000011010000
00000110000000101011110111000000
00000010111000100000011100011000
00000001011111010110001010000100
11111101101110110110010010000100
00001010110111101000000101110000
00000001101111111010101100100000
00000000110100001110010010000011
00000100111011001100000010110000
00000000101001111101110100111000
11111010100000011000110110100000
00000000011110101001111101010010
11111010100001011110101010001000
00000100010000111001000100010000
00000011110111000100111010001000
11111111100110110001011001110001
11111011011101111000110110111000
11110110100110100010111011100000
11111111100101011111101101010111
11111011101101010101111011101000
11111001101010100110000011011000
11111010000001101001100010011000
00000010100010101110110111010100
00000000100000001011001110100010
00000101000010111111111111000000
11111101111010110101111110101000
11111111000001101011001001111000
00001010010010010101011000010000
11111101100010111111111111110000
00000100011001101000011101010000
11111101000000100001011011111100
11111011010011011010010101110000
00000001000001010010101001101010
11111101101100111100110010111100
11110100111001000110011011010000
00000010100000000100011001000100
00000101001101111110101100111000
00000101111001110101010011111000
00000001100011110011010001100000
00000100011101001011101001000000
11111010101011000010001001101000
00000010001110100100100000111000
00000110000001000100111010000000
11111011100001110110100010110000
00000010111111111000000101001000
11111001011000100000000101111000
11111101010111100111001001000100
00000001011100000001011000000000
11111101100011001011110111101000
11111110111000000011110001110000
11111101111110001011101101001000
00000010101010101001010011100000
11111010111111100001111101010000
11111101110001111000010000111000
00000010101001101111000101010100
11111110011111001011001111101110
